0	6.19888	2.14577	3.09944	2.14577	2.14577	3.8147	1.90735	5.00679	3.8147	4.05312	5.96046	6.19888
15	12.8746	3.09944	2.86102	2.86102	2.14577	3.09944	3.09944	5.96046	5.00679	3.09944	5.00679	5.00679
744	13.11302	6.91414	6.91414	5.00679	5.00679	9.05991	6.19888	10.01358	7.15256	12.8746	15.97404	15.02037
968	6.91414	5.00679	3.09944	3.8147	5.00679	6.91414	5.00679	9.77516	3.8147	7.15256	11.92093	11.92093
1020	9.05991	5.96046	4.05312	3.09944	3.8147	7.15256	5.00679	8.82149	5.00679	8.10623	12.8746	15.02037
1022	10.01358	5.00679	4.05312	2.86102	4.05312	5.96046	6.91414	25.03395	5.00679	7.15256	12.8746	13.11302
1024	15.02037	5.96046	3.8147	3.8147	6.19888	7.15256	5.00679	10.96725	6.91414	9.05991	15.97404	13.82828
1031	36.00121	11.92093	10.01358	10.96725	18.83507	15.97404	9.05991	19.07349	15.97404	25.03395	36.95488	33.14018
1107	8.10623	5.00679	2.86102	4.05312	4.05312	5.96046	6.19888	9.05991	5.00679	9.05991	13.82828	13.11302
1121	13.11302	5.00679	8.82149	7.15256	10.96725	5.96046	6.91414	7.86781	5.00679	9.05991	12.8746	34.09386
1123	11.92093	14.0667	18.83507	12.15935	15.97404	17.88139	12.15935	22.88818	10.96725	20.02716	25.03395	25.98763
2048	11.20567	8.82149	5.96046	5.96046	10.96725	29.08707	9.05991	15.97404	10.01358	15.02037	25.03395	27.89497
3072	18.11981	11.92093	7.15256	7.86781	9.05991	20.02716	13.11302	20.02716	12.8746	20.02716	36.00121	35.04753
4096	19.07349	15.97404	9.05991	9.05991	11.20567	14.78195	14.0667	27.89497	13.82828	23.1266	68.90297	41.008
5120	41.96167	38.86223	25.03395	28.84865	25.03395	37.90855	36.00121	60.08148	38.86223	65.08827	142.09747	106.09627
6144	51.97525	22.88818	12.8746	14.0667	15.97404	23.84186	28.13339	56.02837	22.88818	36.95488	76.05553	64.1346
7168	30.99442	28.84865	15.02037	20.98083	23.1266	28.84865	29.08707	61.98883	33.14018	47.92213	82.01599	82.01599
8192	46.01479	30.99442	14.78195	20.98083	29.08707	30.99442	30.04074	60.79674	53.8826	75.81711	130.8918	125.88501
9216	109.91096	41.008	65.08827	25.98763	37.90855	101.80473	37.90855	70.09506	52.21367	73.90976	179.76761	176.90659
10230	55.78995	69.85664	30.99442	38.14697	52.92892	77.96288	82.96967	124.93134	82.96967	134.94492	247.00165	257.9689
10240	41.008	40.05432	25.03395	25.03395	25.98763	42.91534	50.0679	66.99562	40.05432	66.99562	110.86464	127.0771
11264	41.008	41.96167	20.98083	26.22604	27.89497	45.06111	41.008	73.1945	41.008	66.99562	120.16296	129.93813
12288	64.84985	82.01599	33.14018	41.008	98.22845	56.02837	55.07469	88.21487	57.93571	117.06352	450.13428	169.03877
13312	55.07469	52.92892	37.90855	28.84865	32.90176	50.0679	47.92213	92.02957	49.11423	97.99004	144.00482	155.21049
14336	61.03516	66.99562	26.9413	41.008	47.92213	75.10185	72.95609	118.0172	76.05553	131.84547	226.02081	235.08072
15360	57.93571	88.93013	27.89497	35.04753	37.1933	72.95609	55.07469	98.94371	57.93571	96.08269	195.98007	183.10547
16384	65.08827	77.0092	31.94809	42.91534	46.96846	62.9425	61.98883	103.9505	63.89618	111.10306	214.09988	177.145
17408	141.85905	77.0092	35.04753	42.91534	46.96846	82.01599	66.99562	308.0368	86.06911	127.79236	224.11346	256.06155
18432	97.99004	81.06232	66.04195	41.008	44.10744	95.84427	92.98325	151.15738	100.1358	171.8998	262.02202	279.18816
19456	136.85226	97.03636	45.06111	50.0679	61.98883	103.9505	134.94492	162.83989	69.85664	113.96408	215.05356	200.98686
20480	72.95609	72.00241	34.09386	42.91534	48.16055	72.00241	83.20808	123.97766	72.00241	128.98445	208.85468	242.94853
102300	802.99377	614.88152	257.01523	400.06638	357.15103	554.80003	552.89268	882.14874	554.08478	913.14316	1630.06783	1623.15369
102400	356.91261	461.10153	169.03877	223.15979	259.161	364.06517	365.01884	571.96617	359.05838	591.03966	1057.14798	1050.9491
307200	992.05971	1048.80333	542.8791	887.15553	899.07646	1178.97987	990.86761	1624.10736	992.05971	1986.98044	3106.11725	3026.96228
2117,30.99442,10.96725,20.02716,13.11302,15.02037,18.11981,9.05991,22.17293,9.05991,17.88139,29.08707,23.84186,
2117,10.96725,8.10623,5.00679,5.00679,5.96046,9.05991,6.91414,25.98763,9.05991,12.8746,23.1266,22.88818,
2117,10.01358,8.10623,5.00679,5.00679,6.19888,21.21925,7.15256,11.92093,7.15256,11.92093,20.98083,20.02716,
2117,10.96725,6.91414,5.00679,6.91414,9.05991,12.8746,9.05991,12.8746,9.05991,12.15935,22.17293,20.98083,
2117,10.01358,7.86781,3.8147,5.00679,7.15256,9.05991,7.15256,11.92093,7.86781,13.11302,21.93451,20.98083,
2117,19.07349,17.16614,10.01358,10.96725,14.0667,17.88139,24.79553,26.9413,17.88139,27.89497,48.87581,47.92213,
2117,10.01358,7.86781,4.05312,5.00679,5.96046,9.05991,6.91414,11.92093,8.10623,13.82828,21.93451,20.98083,
2117,12.15935,10.96725,5.96046,7.15256,10.01358,14.0667,11.92093,20.02716,11.20567,17.88139,30.99442,30.99442,
2117,10.96725,7.86781,4.05312,6.19888,7.15256,8.82149,8.10623,12.8746,7.86781,13.11302,21.93451,21.93451,
2117,15.02037,15.97404,6.91414,6.91414,8.82149,11.92093,10.96725,18.11981,11.92093,18.83507,31.94809,30.99442,
2117,9.05991,7.86781,3.8147,3.8147,6.19888,9.05991,9.05991,13.11302,8.82149,14.0667,21.93451,20.98083,
2117,9.05991,6.91414,5.00679,6.19888,6.19888,9.05991,8.10623,13.11302,7.86781,13.11302,23.1266,20.98083,
2117,41.96167,7.86781,21.21925,17.88139,5.00679,8.10623,25.98763,13.82828,8.10623,18.11981,46.01479,71.04874,
